# vtk DataFile Version 4.2
vtk output
ASCII
DATASET POLYDATA
FIELD FieldData 4
avtOriginalBounds 1 6 double
-32.528400421 32.528400421 -38.687198639 38.687198639 36.320800781 87.399597168 
MeshName 1 1 string
mesh

CYCLE 1 1 int
0 
TIME 1 1 double
0 
POINTS 556 float
20.7852 -4.70441 47.8622 18.4922 -6.00805 50.3786 18.246 -2.79098 49.7079 
20.0686 -4.99954 49.3938 19.6212 -2.16423 48.1162 17.605 -6.07562 51.3472 
-20.7852 4.70441 47.8622 -18.4922 6.00805 50.3786 -18.246 2.79098 49.7079 
-20.0686 4.99954 49.3938 -19.6212 2.16423 48.1162 -17.605 6.07562 51.3472 
26.5369 -9.50858 44.8938 24.2715 -11.3089 47.7993 23.8641 -8.67861 46.997 
24.9676 -7.88373 45.8372 22.8814 -9.46985 48.6457 23.0438 -12.379 49.1275 
-26.5369 9.50858 44.8938 -24.2715 11.3089 47.7993 -23.8641 8.67861 46.997 
-24.9676 7.88373 45.8372 -22.8814 9.46985 48.6457 -23.0438 12.379 49.1275 
25.7198 -7.49261 43.5114 23.2434 -6.26329 45.7751 24.1978 -5.72895 44.3215 
22.5238 -6.68467 47.7277 -25.7198 7.49261 43.5114 -23.2434 6.26329 45.7751 
-24.1978 5.72895 44.3215 -22.5238 6.68467 47.7277 2.29933 -38.5115 47.5526 
1.71336 -38.4241 46.8734 2.76436 -38.3664 46.5681 1.51339 -38.4001 46.723 
2.70457 -38.4715 47.257 1.90895 -38.3499 46.3913 -2.29933 38.5115 47.5526 
-1.71336 38.4241 46.8734 -2.76436 38.3664 46.5681 -1.51339 38.4001 46.723 
-2.70457 38.4715 47.257 -1.90895 38.3499 46.3913 21.1909 -7.52235 48.7965 
21.9361 -4.14082 46.3321 20.2539 -8.02536 50.0371 -21.1909 7.52235 48.7965 
-21.9361 4.14082 46.3321 -20.2539 8.02536 50.0371 4.18242 36.966 57.1869 
7.37195 36.4353 53.8213 3.79363 37.5819 54.9819 3.88211 37.4563 55.4838 
4.37394 37.3172 55.3937 4.33394 36.6824 58.0462 -4.18242 -36.966 57.1869 
-7.37195 -36.4353 53.8213 -3.79363 -37.5819 54.9819 -3.88211 -37.4563 55.4838 
-4.37394 -37.3172 55.3937 -4.33394 -36.6824 58.0462 17.5279 -2.81139 50.9167 
-17.5279 2.81139 50.9167 3.21705 32.8891 68.7265 4.87145 31.2784 70.5958 
4.73334 33.1426 66.9674 2.56301 32.8998 69.1452 4.64198 32.681 68.0217 
2.76545 32.6021 69.604 -3.21705 -32.8891 68.7265 -4.87145 -31.2784 70.5958 
-4.73334 -33.1426 66.9674 -2.56301 -32.8998 69.1452 -4.64198 -32.681 68.0217 
-2.76545 -32.6021 69.604 2.90633 -33.9247 68.9421 4.16039 -34.5076 67.8238 
4.23934 -32.5905 71.4159 2.15699 -33.6795 69.3438 2.17 -33.4005 69.8801 
4.23443 -34.1738 68.4931 -2.90633 33.9247 68.9421 -4.16039 34.5076 67.8238 
-4.23934 32.5905 71.4159 -2.15699 33.6795 69.3438 -2.17 33.4005 69.8801 
-4.23443 34.1738 68.4931 3.83602 -34.3282 68.1857 -3.83602 34.3282 68.1857 
21.4171 -10.4667 49.3173 25.5264 -10.3293 46.987 -21.4171 10.4667 49.3173 
-25.5264 10.3293 46.987 -15.6433 3.41373 51.8413 -15.3973 -5.0264e-15 51.026 
-17.1155 -0.191921 49.5238 -14.8507 3.38653 52.6736 15.6433 -3.41373 51.8413 
15.3973 -1.22247e-15 51.026 17.1155 0.191921 49.5238 14.8507 -3.38653 52.6736 
3.27555 -38.6519 52.0438 2.98582 -38.6734 50.4007 6.23277 -38.4399 52.9588 
3.44224 -38.6055 52.9891 3.93 -38.5936 52.876 3.03243 -38.6872 50.665 
-3.27555 38.6519 52.0438 -2.98582 38.6734 50.4007 -6.23277 38.4399 52.9588 
-3.44224 38.6055 52.9891 -3.93 38.5936 52.876 -3.03243 38.6872 50.665 
2.60791e-15 18.8822 42.5904 2.74966e-15 16.0402 44.9053 2.81101e-15 15.6803 45.9073 
-2.32762 17.6074 45.465 2.78638e-15 16.0532 45.5052 2.61229e-15 18.8061 42.6621 
2.32762 -17.6074 45.465 2.78639e-15 -16.0532 45.5052 2.6123e-15 -18.8061 42.6621 
2.6079e-15 -18.8822 42.5904 2.74964e-15 -16.0402 44.9053 2.811e-15 -15.6803 45.9073 
1.71689 32.9625 69.514 4.27375e-15 33.201 69.7956 4.50464e-15 31.1105 73.5664 
2.15574 32.924 69.3444 0.409514 32.8717 70.2813 0.411364 33.1326 69.7798 
-1.71689 -32.9625 69.514 4.27374e-15 -33.201 69.7956 4.50463e-15 -31.1105 73.5664 
-2.15574 -32.924 69.3444 -0.409514 -32.8717 70.2813 -0.411364 -33.1326 69.7798 
8.01964 -34.0765 68.1411 4.92441 -35.0889 66.5749 5.65222 -35.3081 66.0231 
-8.01964 34.0765 68.1411 -4.92441 35.0889 66.5749 -5.65222 35.3081 66.0231 
2.64667 -38.5958 48.4772 1.98848 -38.4613 47.136 3.13908 -38.5823 48.3904 
-2.64667 38.5958 48.4772 -1.98848 38.4613 47.136 -3.13908 38.5823 48.3904 
4.17373 36.5733 57.1376 -4.17373 -36.5733 57.1376 4.6859 35.941 60.0423 
4.82611 36.5236 57.9581 4.80436 35.6678 60.7141 -4.6859 -35.941 60.0423 
-4.82611 -36.5236 57.9581 -4.80436 -35.6678 60.7141 4.26641 32.9958 67.6899 
-4.26641 -32.9958 67.6899 2.17446 32.6454 69.8784 -2.17446 -32.6454 69.8784 
-16.6718 -6.62572e-15 49.5869 16.6718 5.53093e-16 49.5869 3.16241 38.2049 51.4021 
3.74102 37.6524 54.6836 3.50442 38.1655 50.785 3.03631 38.2696 50.687 
3.52789 38.171 50.5955 3.44841 37.9833 53.0241 -3.16241 -38.2049 51.4021 
-3.74102 -37.6524 54.6836 -3.50442 -38.1655 50.785 -3.03631 -38.2696 50.687 
-3.52789 -38.171 50.5955 -3.44841 -37.9833 53.0241 2.64667 38.3165 48.4772 
3.21088 38.0559 46.531 1.97191 38.2797 47.1179 3.13908 38.2357 48.3904 
2.4081 38.297 47.7507 -2.64667 -38.3165 48.4772 -3.21088 -38.0559 46.531 
-1.97191 -38.2797 47.1179 -3.13908 -38.2357 48.3904 -2.4081 -38.297 47.7507 
3.22448 32.45 68.721 -3.22448 -32.45 68.721 2.37847 38.2007 46.8219 
-2.37847 -38.2007 46.8219 -16.8349 -0.186229 49.9111 16.8349 0.186229 49.9111 
3.87825 -33.931 68.1421 -3.87825 33.931 68.1421 4.62098 -37.5457 59.6741 
3.94438 -38.3134 55.8369 6.69721 -37.9596 56.905 4.33401 -37.9233 58.0466 
5.29068 -37.258 60.5928 4.81636 -37.9311 57.9028 -4.62098 37.5457 59.6741 
-3.94438 38.3134 55.8369 -6.69721 37.9596 56.905 -4.33401 37.9233 58.0466 
-5.29068 37.258 60.5928 -4.81636 37.9311 57.9028 3.93985 37.8651 52.9318 
-3.93985 -37.8651 52.9318 4.92588 -34.6774 66.5715 5.16307 -35.3772 65.915 
-4.92588 34.6774 66.5715 -5.16307 35.3772 65.915 4.27374e-15 33.201 69.7956 
-1.77879 33.5757 69.4927 4.27375e-15 -33.201 69.7956 1.77879 -33.5757 69.4927 
3.52261 -38.6721 50.5655 -3.52261 38.6721 50.5655 1.71926 38.2728 46.8783 
2.3255 38.2929 47.5968 -1.71926 -38.2728 46.8783 -2.3255 -38.2929 47.5968 
3.3725 10.6175 48.8736 3.20781e-15 8.32689 52.3876 3.05752e-15 11.1912 49.9331 
3.2054e-15 8.99672 52.3483 3.20717e-15 8.34032 52.3772 3.05622e-15 11.2135 49.9121 
3.20541e-15 -8.99672 52.3483 3.20718e-15 -8.34032 52.3772 3.05623e-15 -11.2135 49.9121 
-3.3725 -10.6175 48.8736 3.2078e-15 -8.32689 52.3876 3.05751e-15 -11.1912 49.9331 
4.80523 -37.2484 60.719 -4.80523 37.2484 60.719 5.34019 -35.748 65.0314 
-5.34019 35.748 65.0314 8.97945 31.5907 65.5575 5.68695 33.205 65.8951 
-8.97945 -31.5907 65.5575 -5.68695 -33.205 65.8951 20.1204 -2.219 46.3319 
-20.1204 2.219 46.3319 1.49849 38.2682 46.7129 -1.49849 -38.2682 46.7129 
5.78575 -36.3571 63.4004 -5.78575 36.3571 63.4004 2.83239e-15 -38.2805 46.2564 
2.83238e-15 38.2805 46.2564 8.45949 33.4849 61.7613 5.20382 33.4841 65.7663 
-8.45949 -33.4849 61.7613 -5.20382 -33.4841 65.7663 2.90575e-15 13.6712 47.4544 
2.82426e-15 14.9187 46.1239 2.94547e-15 13.0458 48.1033 -2.88884 13.9381 48.6663 
1.71975 37.8932 46.8787 -1.71975 -37.8932 46.8787 2.83238e-15 37.9 46.2564 
2.69617e-15 37.7808 44.032 -0.7885 38.3294 46.3747 0.9536 38.1742 45.9024 
0.692866 38.2636 46.3473 2.83239e-15 -37.9 46.2564 2.69618e-15 -37.7808 44.032 
0.7885 -38.3294 46.3747 -0.9536 -38.1742 45.9024 -0.692866 -38.2636 46.3473 
3.03103e-15 -12.2121 49.5005 2.94548e-15 -13.0458 48.1033 2.90651e-15 -14.2182 47.4669 
2.99835e-15 -12.7541 48.9669 -2.74888 -13.2907 46.7365 2.99836e-15 12.7541 48.9669 
2.74888 13.2907 46.7365 3.03102e-15 12.2121 49.5005 2.9065e-15 14.2182 47.4669 
2.82427e-15 -14.9187 46.1239 3.87789 -38.3633 55.4598 4.36203 -38.3614 55.3261 
-3.87789 38.3633 55.4598 -4.36203 38.3614 55.3261 2.51303e-15 19.9919 41.0409 
2.63086e-15 17.8804 42.9653 2.51462e-15 19.9596 41.067 2.63377e-15 17.8331 43.0129 
-2.56268 19.6586 43.1716 2.51463e-15 -19.9596 41.067 2.63378e-15 -17.8331 43.0129 
2.56268 -19.6586 43.1716 2.51302e-15 -19.9919 41.0409 2.63085e-15 -17.8804 42.9653 
7.59566 -35.7676 64.5387 -7.59566 35.7676 64.5387 2.72587 -16.7997 45.9207 
-2.72587 16.7997 45.9207 5.29334 -36.351 63.4872 -5.29334 36.351 63.4872 
4.27375e-15 32.7735 69.7956 4.27374e-15 -32.7735 69.7956 2.88884 -13.9381 48.6663 
2.90574e-15 -13.6712 47.4544 4.50463e-15 -31.1106 73.5662 1.99534 -33.3545 69.9464 
4.50462e-15 31.1106 73.5662 -1.99534 33.3545 69.9464 2.83239e-15 37.9 46.2564 
2.83239e-15 38.2805 46.2564 2.60134e-15 37.2211 42.4831 2.83238e-15 -37.9 46.2564 
2.83238e-15 -38.2805 46.2564 2.60133e-15 -37.2211 42.4831 -2.92406 -16.1451 42.3749 
4.98433 32.8364 66.4323 4.98325 33.2801 66.435 5.29334 34.4139 63.4872 
-4.98433 -32.8364 66.4323 -4.98325 -33.2801 66.435 -5.29334 -34.4139 63.4872 
2.44075e-15 -21.6527 39.8605 2.42356 -22.8541 40.8277 -2.71964 -19.2095 39.4125 
2.43972e-15 -21.6796 39.8439 2.92486 37.0823 42.3862 -2.92486 -37.0823 42.3862 
2.67858e-15 37.3003 43.7445 2.57929e-15 36.6297 42.1231 2.26431 36.0042 40.8419 
-2.41385 37.5037 44.5873 2.602e-15 36.8136 42.4941 2.69493e-15 37.3837 44.0117 
7.15332 -37.0696 60.7804 -7.15332 37.0696 60.7804 1.71394 -38.0453 46.8739 
2.64667 -38.5958 48.4772 -1.71394 38.0453 46.8739 -2.64667 38.5958 48.4772 
7.92445 35.1355 57.8551 5.29674 35.4921 60.6272 -7.92445 -35.1355 57.8551 
-5.29674 -35.4921 60.6272 2.49494e-15 21.1135 40.7455 -2.15172 20.6127 42.6637 
2.50904e-15 20.7941 40.976 2.15172 -20.6127 42.6637 2.50905e-15 -20.7941 40.976 
2.49493e-15 -21.1135 40.7455 6.80209 37.2242 49.6608 -6.80209 -37.2242 49.6608 
3.12904e-15 -10.487 51.1012 3.15039e-15 -10.0851 51.45 -2.888 -10.5691 49.7883 
3.1504e-15 10.0851 51.45 2.888 10.5691 49.7883 3.12903e-15 10.487 51.1012 
2.47061e-15 35.8783 40.3482 2.44831e-15 34.975 39.984 -2.13485 35.4619 41.2457 
2.4769e-15 35.4562 40.451 2.53262e-15 36.1766 41.361 2.13485 -35.4619 41.2457 
2.47691e-15 -35.4562 40.451 2.53263e-15 -36.1766 41.361 2.57928e-15 -36.6297 42.1231 
2.4706e-15 -35.8783 40.3482 2.4483e-15 -34.975 39.984 2.92406 16.1451 42.3749 
2.69494e-15 -37.3837 44.0117 3.83969 32.4856 68.1819 -3.83969 -32.4856 68.1819 
-3.03929 10.8891 51.2009 3.03929 -10.8891 51.2009 3.41367e-15 -1.9347 55.7494 
3.39132e-15 -1.83419 55.3844 3.372e-15 -3.40693 55.0689 3.38418e-15 -4.046 55.2681 
3.42135e-15 1.30526e-06 55.875 -3.10001 -4.11053 54.9044 3.38419e-15 4.046 55.2681 
3.42136e-15 -1.30526e-06 55.875 3.10001 4.11053 54.9044 3.41366e-15 1.9347 55.7494 
3.39131e-15 1.83419 55.3844 3.37199e-15 3.40693 55.0689 3.58117 7.60796 51.8975 
3.29413e-15 6.29482 53.7972 3.30542e-15 6.71556 53.9818 3.29384e-15 6.30231 53.7926 
3.30543e-15 -6.71556 53.9818 3.29385e-15 -6.30231 53.7926 -3.58117 -7.60796 51.8975 
3.29412e-15 -6.29482 53.7972 2.90831 -33.5036 68.9408 -2.90831 33.5036 68.9408 
4.27375e-15 -32.7735 69.7956 4.27374e-15 32.7735 69.7956 3.2524e-15 -7.99122 53.1159 
3.25241e-15 7.99122 53.1159 2.43973e-15 21.6796 39.8439 2.44074e-15 21.6527 39.8605 
-2.42356 22.8541 40.8277 2.41385 -37.5037 44.5873 2.60201e-15 -36.8136 42.4941 
2.67857e-15 -37.3003 43.7445 2.3255 37.9137 47.5968 -2.3255 -37.9137 47.5968 
2.43155e-15 -34.6429 39.7103 2.42187e-15 -35.0683 39.5521 -2.26431 -36.0042 40.8419 
2.43154e-15 34.6429 39.7103 2.42186e-15 35.0683 39.5521 2.60116e-15 -37.2198 42.4802 
2.60115e-15 37.2198 42.4802 2.67272 34.9301 38.7323 2.47036e-15 35.8748 40.3442 
2.52927e-15 36.5917 41.3063 2.47037e-15 -35.8748 40.3442 2.52928e-15 -36.5917 41.3063 
-2.67272 -34.9301 38.7323 3.33893e-15 5.7695 54.5289 3.37205e-15 3.40367 55.0698 
3.34188e-15 4.80483 54.5772 -3.16871 7.5792 53.3808 3.34189e-15 -4.80483 54.5772 
3.16871 -7.5792 53.3808 3.33892e-15 -5.7695 54.5289 3.37204e-15 -3.40367 55.0698 
3.73249 37.2671 54.6352 -3.73249 -37.2671 54.6352 -3.26019 3.93284 54.9215 
3.26019 -3.93284 54.9215 -3.14934 -13.3992 45.6396 3.14934 13.3992 45.6396 
2.70774 -11.5062 51.125 2.44274e-15 -22.4741 39.8931 2.42494e-15 -23.0324 39.6024 
-2.33998 -21.9437 38.4352 2.42495e-15 23.0324 39.6024 2.33998 21.9437 38.4352 
2.44274e-15 22.4741 39.8931 2.71964 19.2095 39.4125 2.38287e-15 34.1811 38.9153 
2.37034e-15 32.8022 38.7106 -1.9769 31.9382 39.517 2.3958e-15 33.7427 39.1266 
1.9769 -31.9382 39.517 2.39581e-15 -33.7427 39.1266 2.38286e-15 -34.1811 38.9153 
2.37033e-15 -32.8022 38.7106 2.36805e-15 32.6961 38.6733 2.36806e-15 -32.6961 38.6733 
3.39276e-15 -3.58829 55.408 3.35978e-15 -5.07394 54.8693 3.39275e-15 3.58829 55.408 
3.35977e-15 5.07394 54.8693 2.34092e-15 -27.927 38.2301 2.3106e-15 -28.8099 37.735 
2.33728e-15 -29.807 38.1706 2.33675e-15 -29.4303 38.1621 -2.22362 -29.6713 36.8662 
2.33676e-15 29.4303 38.1621 2.22362 29.6713 36.8662 2.34091e-15 27.927 38.2301 
2.31059e-15 28.8099 37.735 2.33727e-15 29.807 38.1706 -3.01072 -7.60279 52.627 
3.01072 7.60279 52.627 -2.44427 -37.3917 44.5422 2.44427 37.3917 44.5422 
2.5747 22.9098 37.312 2.34798e-15 25.0449 38.3454 2.39472e-15 24.166 39.109 
2.38775e-15 23.2856 38.995 2.34844e-15 25.0191 38.3531 2.39473e-15 -24.166 39.109 
2.38775e-15 -23.2856 38.995 2.34845e-15 -25.0191 38.3531 -2.5747 -22.9098 37.312 
2.34797e-15 -25.0449 38.3454 2.32872e-15 31.993 38.0309 2.34758e-15 31.4014 38.3391 
2.34759e-15 -31.4014 38.3391 2.32871e-15 -31.993 38.0309 2.37637e-15 -25.0348 38.8093 
-2.25925 -25.7076 37.1545 2.37638e-15 25.0348 38.8093 2.25925 25.7076 37.1545 
-2.20388 -33.3634 38.0302 2.20388 33.3634 38.0302 1.72169 32.5286 69.5124 
-1.72169 -32.5286 69.5124 3.3984e-15 -3.3984e-15 55.5 3.39838e-15 -3.39838e-15 55.5 
-2.01888 24.0258 40.4721 2.01888 -24.0258 40.4721 -2.88626 8.06348 53.5114 
2.88626 -8.06348 53.5114 2.3462e-15 -27.2205 38.3166 2.34621e-15 27.2205 38.3166 
2.52319 31.3048 36.5654 2.38262e-15 34.1746 38.9113 2.38263e-15 -34.1746 38.9113 
-2.52319 -31.3048 36.5654 2.36052e-15 -25.9908 38.5503 2.32216e-15 -26.8938 37.9237 
2.36051e-15 25.9908 38.5503 2.32215e-15 26.8938 37.9237 2.5063 27.0572 36.3208 
2.31056e-15 28.8318 37.7343 -2.5063 -27.0572 36.3208 2.31055e-15 -28.8318 37.7343 
2.51695 -14.6539 48.3874 -2.46224 -18.6866 40.7109 2.46224 18.6866 40.7109 
-1.96141 27.9116 39.3697 1.96141 -27.9116 39.3697 -2.6039 -15.9089 43.6254 
2.6039 15.9089 43.6254 2.64667 37.937 48.4772 -2.64667 -37.937 48.4772 
2.35208e-15 -33.1769 38.4123 2.35207e-15 33.1769 38.4123 2.31374e-15 30.5394 37.7864 
2.31375e-15 -30.5394 37.7864 4.67965 35.5327 60.0068 -4.67965 -35.5327 60.0068 
5.29334 -35.9512 63.4872 5.34067 -35.3434 65.0271 -5.29334 35.9512 63.4872 
-5.34067 35.3434 65.0271 2.32853e-15 31.9807 38.0279 2.32854e-15 -31.9807 38.0279 
-2.70774 11.5062 51.125 -3.02447 4.20619 55.2441 3.02447 -4.20619 55.2441 
6.22266 37.2635 45.4305 -6.22266 -37.2635 45.4305 -2.51695 14.6539 48.3874 
2.29846 -38.1339 47.5512 -2.29846 38.1339 47.5512 3.15731 37.8236 51.3732 
-3.15731 -37.8236 51.3732 3.7509 4.13756 54.3572 -3.7509 -4.13756 54.3572 
-2.33767 26.5395 39.3814 2.33767 -26.5395 39.3814 -2.31957 30.4881 39.0756 
2.31957 -30.4881 39.0756 -2.38005 34.3029 40.0939 2.38005 -34.3029 40.0939 
2.6072 -3.82078e-15 55.4078 -2.6072 -2.96471e-15 55.4078 -2.54229 37.1061 42.8276 
2.54229 -37.1061 42.8276 
POLYGONS 1390 5560
3 0 1 2 
3 3 4 5 
3 6 7 8 
3 9 10 11 
3 12 13 14 
3 15 16 17 
3 18 19 20 
3 21 22 23 
3 24 14 25 
3 26 27 16 
3 28 20 29 
3 30 31 22 
3 32 33 34 
3 35 36 37 
3 38 39 40 
3 41 42 43 
3 0 44 1 
3 27 45 46 
3 6 47 7 
3 31 48 49 
3 50 51 52 
3 53 54 55 
3 56 57 58 
3 59 60 61 
3 0 1 2 
3 4 62 5 
3 6 7 8 
3 10 63 11 
3 64 65 66 
3 67 68 69 
3 70 71 72 
3 73 74 75 
3 76 77 78 
3 79 80 81 
3 82 83 84 
3 85 86 87 
3 76 77 78 
3 79 81 88 
3 82 83 84 
3 85 87 89 
3 25 44 0 
3 45 3 46 
3 29 47 6 
3 48 9 49 
3 14 13 90 
3 91 15 17 
3 20 19 92 
3 93 21 23 
3 8 94 95 
3 63 96 97 
3 2 98 99 
3 62 100 101 
3 102 103 104 
3 105 106 107 
3 108 109 110 
3 111 112 113 
3 114 115 116 
3 117 118 119 
3 120 121 122 
3 123 124 125 
3 25 14 44 
3 26 27 16 
3 29 20 47 
3 30 31 22 
3 25 14 44 
3 15 26 16 
3 29 20 47 
3 21 30 22 
3 24 14 25 
3 15 26 16 
3 28 20 29 
3 21 30 22 
3 12 13 14 
3 91 15 17 
3 18 19 20 
3 93 21 23 
3 14 13 90 
3 15 16 17 
3 20 19 92 
3 21 22 23 
3 126 127 128 
3 129 130 131 
3 132 133 134 
3 135 136 137 
3 25 44 0 
3 27 45 46 
3 29 47 6 
3 31 48 49 
3 138 77 139 
3 88 81 140 
3 141 83 142 
3 89 87 143 
3 32 34 144 
3 145 146 36 
3 38 40 147 
3 148 149 42 
3 150 50 52 
3 53 54 55 
3 151 56 58 
3 59 60 61 
3 50 152 51 
3 55 153 154 
3 56 155 57 
3 61 156 157 
3 0 44 1 
3 45 3 46 
3 6 47 7 
3 48 9 49 
3 32 33 34 
3 145 36 35 
3 38 39 40 
3 148 42 41 
3 64 65 66 
3 158 68 67 
3 70 71 72 
3 159 74 73 
3 126 127 128 
3 129 160 130 
3 132 133 134 
3 135 161 136 
3 8 95 162 
3 63 96 97 
3 2 99 163 
3 62 100 101 
3 164 165 166 
3 167 168 169 
3 170 171 172 
3 173 174 175 
3 176 166 177 
3 178 179 180 
3 181 172 182 
3 183 184 185 
3 186 64 66 
3 158 68 67 
3 187 70 72 
3 159 74 73 
3 176 166 177 
3 178 188 179 
3 181 172 182 
3 183 189 184 
3 50 51 52 
3 55 54 153 
3 56 57 58 
3 61 60 156 
3 8 95 162 
3 97 96 190 
3 2 99 163 
3 101 100 191 
3 192 77 76 
3 79 81 88 
3 193 83 82 
3 85 87 89 
3 194 195 196 
3 197 198 199 
3 200 201 202 
3 203 204 205 
3 164 165 166 
3 169 206 53 
3 170 171 172 
3 175 207 59 
3 208 139 77 
3 88 140 209 
3 210 142 83 
3 89 143 211 
3 82 84 212 
3 131 86 213 
3 76 78 214 
3 137 80 215 
3 102 103 104 
3 107 106 216 
3 108 109 110 
3 113 112 217 
3 50 152 51 
3 55 54 153 
3 56 155 57 
3 61 60 156 
3 218 219 177 
3 178 188 179 
3 220 221 182 
3 183 189 184 
3 222 223 224 
3 225 226 227 
3 228 229 230 
3 231 232 233 
3 194 195 196 
3 234 198 197 
3 200 201 202 
3 235 204 203 
3 208 236 139 
3 88 140 209 
3 210 237 142 
3 89 143 211 
3 66 65 238 
3 158 239 68 
3 72 71 240 
3 159 241 74 
3 8 94 95 
3 97 96 190 
3 2 98 99 
3 101 100 191 
3 76 78 214 
3 79 80 81 
3 82 84 212 
3 85 86 87 
3 138 139 236 
3 88 81 140 
3 141 142 237 
3 89 87 143 
3 242 0 2 
3 4 62 5 
3 243 6 8 
3 10 63 11 
3 64 126 65 
3 67 68 69 
3 70 132 71 
3 73 74 75 
3 218 219 177 
3 244 188 178 
3 220 221 182 
3 245 189 183 
3 138 139 236 
3 209 140 246 
3 141 142 237 
3 211 143 247 
3 33 248 34 
3 35 36 37 
3 39 249 40 
3 41 42 43 
3 66 238 250 
3 251 239 158 
3 72 240 252 
3 253 241 159 
3 222 224 254 
3 255 256 257 
3 76 78 214 
3 79 81 88 
3 82 84 212 
3 85 87 89 
3 258 219 218 
3 178 179 180 
3 259 221 220 
3 183 184 185 
3 260 261 249 
3 262 263 264 
3 265 266 248 
3 267 268 269 
3 270 271 272 
3 125 273 274 
3 116 275 276 
3 277 256 278 
3 272 279 121 
3 125 273 274 
3 116 275 276 
3 278 255 118 
3 33 248 34 
3 267 268 269 
3 39 249 40 
3 262 263 264 
3 194 195 196 
3 280 199 281 
3 200 201 202 
3 282 205 283 
3 114 284 285 
3 286 287 288 
3 289 290 291 
3 123 292 293 
3 294 138 236 
3 209 140 246 
3 295 141 237 
3 211 143 247 
3 290 279 296 
3 123 293 124 
3 114 285 115 
3 287 255 297 
3 218 219 177 
3 178 179 180 
3 220 221 182 
3 183 184 185 
3 294 236 298 
3 209 140 246 
3 295 237 299 
3 211 143 247 
3 300 127 126 
3 129 130 131 
3 301 133 132 
3 135 136 137 
3 275 254 224 
3 256 227 257 
3 271 230 302 
3 273 303 233 
3 32 33 34 
3 145 146 36 
3 38 39 40 
3 148 149 42 
3 194 195 196 
3 197 199 280 
3 200 201 202 
3 203 205 282 
3 304 214 78 
3 137 136 305 
3 306 212 84 
3 131 130 307 
3 138 139 236 
3 88 140 209 
3 141 142 237 
3 89 143 211 
3 308 309 310 
3 262 263 264 
3 311 312 313 
3 267 268 269 
3 289 290 291 
3 314 293 292 
3 315 316 317 
3 251 239 158 
3 318 319 320 
3 253 241 159 
3 66 238 250 
3 158 239 68 
3 72 240 252 
3 159 241 74 
3 249 261 40 
3 262 263 264 
3 248 266 34 
3 267 268 269 
3 242 0 2 
3 3 4 5 
3 243 6 8 
3 9 10 11 
3 321 289 322 
3 323 292 324 
3 218 325 309 
3 262 263 264 
3 220 326 312 
3 267 268 269 
3 76 78 214 
3 137 305 80 
3 82 84 212 
3 131 307 86 
3 327 328 329 
3 330 331 332 
3 194 333 298 
3 234 198 197 
3 200 334 299 
3 235 204 203 
3 335 33 32 
3 336 146 145 
3 337 39 38 
3 338 149 148 
3 152 317 339 
3 154 153 340 
3 155 320 341 
3 157 156 342 
3 343 284 114 
3 344 119 345 
3 346 122 347 
3 348 292 123 
3 194 333 298 
3 197 198 199 
3 200 334 299 
3 203 204 205 
3 349 166 52 
3 169 206 53 
3 350 172 58 
3 175 207 59 
3 351 230 270 
3 273 352 353 
3 275 354 355 
3 356 227 277 
3 32 33 34 
3 336 146 145 
3 38 39 40 
3 338 149 148 
3 328 357 358 
3 359 360 361 
3 362 363 364 
3 365 366 367 
3 82 84 212 
3 131 130 307 
3 76 78 214 
3 137 136 305 
3 50 152 51 
3 53 54 55 
3 56 155 57 
3 59 60 61 
3 195 102 104 
3 105 106 107 
3 201 108 110 
3 111 112 113 
3 152 339 51 
3 55 153 154 
3 155 341 57 
3 61 156 157 
3 316 66 250 
3 251 239 158 
3 319 72 252 
3 253 241 159 
3 122 290 289 
3 314 293 292 
3 368 285 284 
3 119 287 286 
3 208 236 139 
3 209 246 298 
3 210 237 142 
3 211 247 299 
3 325 310 309 
3 332 261 260 
3 369 266 265 
3 326 313 312 
3 186 66 370 
3 251 239 158 
3 187 72 371 
3 253 241 159 
3 138 78 77 
3 88 81 140 
3 141 84 83 
3 89 87 143 
3 354 224 223 
3 227 226 372 
3 230 229 373 
3 352 233 232 
3 64 65 66 
3 251 239 158 
3 70 71 72 
3 253 241 159 
3 374 375 376 
3 377 378 379 
3 380 381 382 
3 383 384 385 
3 195 102 104 
3 107 106 216 
3 201 108 110 
3 113 112 217 
3 126 128 65 
3 129 160 130 
3 132 134 71 
3 135 161 136 
3 219 176 177 
3 178 179 180 
3 221 181 182 
3 183 184 185 
3 386 387 223 
3 388 389 226 
3 390 391 229 
3 392 393 232 
3 394 76 214 
3 137 80 215 
3 395 82 212 
3 131 86 213 
3 64 65 66 
3 158 239 68 
3 70 71 72 
3 159 241 74 
3 300 128 127 
3 131 130 307 
3 301 134 133 
3 137 136 305 
3 396 214 304 
3 137 136 305 
3 397 212 306 
3 131 130 307 
3 228 230 351 
3 352 398 353 
3 354 399 355 
3 225 227 356 
3 343 400 284 
3 401 286 402 
3 321 289 322 
3 348 324 292 
3 192 77 76 
3 88 81 140 
3 193 83 82 
3 89 87 143 
3 370 316 315 
3 251 239 158 
3 371 319 318 
3 253 241 159 
3 403 404 369 
3 405 313 365 
3 327 310 328 
3 330 331 332 
3 258 218 309 
3 262 263 264 
3 259 220 312 
3 267 268 269 
3 328 357 358 
3 359 361 331 
3 362 364 404 
3 365 366 367 
3 406 219 258 
3 178 179 180 
3 407 221 259 
3 183 184 185 
3 50 51 52 
3 53 206 54 
3 56 57 58 
3 59 207 60 
3 408 409 363 
3 365 367 410 
3 328 358 329 
3 411 412 360 
3 126 127 128 
3 131 130 307 
3 132 133 134 
3 137 136 305 
3 317 316 250 
3 251 239 158 
3 320 319 252 
3 253 241 159 
3 404 413 369 
3 405 365 410 
3 327 328 329 
3 331 414 332 
3 138 139 236 
3 209 246 298 
3 141 142 237 
3 211 247 299 
3 258 218 309 
3 244 188 178 
3 259 220 312 
3 245 189 183 
3 195 104 196 
3 280 199 281 
3 201 110 202 
3 282 205 283 
3 415 357 310 
3 361 416 417 
3 364 418 419 
3 420 366 313 
3 421 387 422 
3 389 423 424 
3 391 425 426 
3 427 393 428 
3 152 339 51 
3 154 153 340 
3 155 341 57 
3 157 156 342 
3 429 165 164 
3 169 206 53 
3 430 171 170 
3 175 207 59 
3 126 127 128 
3 131 86 213 
3 132 133 134 
3 137 80 215 
3 421 387 422 
3 423 385 431 
3 425 376 432 
3 427 393 428 
3 386 387 223 
3 226 389 424 
3 229 391 426 
3 392 393 232 
3 272 271 279 
3 433 303 124 
3 434 254 115 
3 278 256 255 
3 64 126 65 
3 158 68 67 
3 70 132 71 
3 159 74 73 
3 435 270 272 
3 125 273 274 
3 347 321 436 
3 437 348 438 
3 439 343 440 
3 345 401 441 
3 347 289 321 
3 323 292 324 
3 442 284 400 
3 345 286 401 
3 325 310 309 
3 262 263 264 
3 326 313 312 
3 267 268 269 
3 370 66 316 
3 251 239 158 
3 371 72 319 
3 253 241 159 
3 335 33 32 
3 145 36 35 
3 337 39 38 
3 148 42 41 
3 51 349 52 
3 53 206 54 
3 57 350 58 
3 59 207 60 
3 358 443 444 
3 445 446 411 
3 447 448 408 
3 367 449 450 
3 328 357 358 
3 359 411 360 
3 362 408 363 
3 365 366 367 
3 64 126 65 
3 129 160 130 
3 70 132 71 
3 135 161 136 
3 349 166 52 
3 167 168 169 
3 350 172 58 
3 173 174 175 
3 258 309 308 
3 262 263 264 
3 259 312 311 
3 267 268 269 
3 394 76 214 
3 79 81 88 
3 395 82 212 
3 85 87 89 
3 358 443 444 
3 445 451 446 
3 447 452 448 
3 367 449 450 
3 394 214 396 
3 137 80 215 
3 395 212 397 
3 131 86 213 
3 33 248 34 
3 145 36 35 
3 39 249 40 
3 148 42 41 
3 453 425 454 
3 427 377 379 
3 421 380 382 
3 455 423 456 
3 439 400 343 
3 344 345 441 
3 346 347 436 
3 437 324 348 
3 279 271 302 
3 125 124 303 
3 116 115 254 
3 255 256 257 
3 279 271 302 
3 433 303 124 
3 258 219 218 
3 244 188 178 
3 259 221 220 
3 245 189 183 
3 349 166 52 
3 53 206 54 
3 350 172 58 
3 59 207 60 
3 457 458 459 
3 450 460 461 
3 444 462 463 
3 464 465 466 
3 116 115 254 
3 287 255 297 
3 290 279 296 
3 125 124 303 
3 454 391 390 
3 398 427 467 
3 399 421 468 
3 456 389 388 
3 300 128 127 
3 131 86 213 
3 301 134 133 
3 137 80 215 
3 396 214 304 
3 137 80 215 
3 397 212 306 
3 131 86 213 
3 364 419 404 
3 365 367 410 
3 328 358 329 
3 361 417 331 
3 374 376 453 
3 377 378 379 
3 380 381 382 
3 383 385 455 
3 165 52 166 
3 169 206 53 
3 171 58 172 
3 175 207 59 
3 265 248 33 
3 145 36 35 
3 260 249 39 
3 148 42 41 
3 399 223 387 
3 226 389 424 
3 229 391 426 
3 398 232 393 
3 404 413 369 
3 311 405 469 
3 308 327 470 
3 331 414 332 
3 471 400 472 
3 473 474 475 
3 476 477 478 
3 479 324 480 
3 471 400 472 
3 441 474 473 
3 436 477 476 
3 479 324 480 
3 444 481 462 
3 445 482 451 
3 447 483 452 
3 450 484 460 
3 436 477 476 
3 485 437 486 
3 487 439 488 
3 441 474 473 
3 408 409 363 
3 367 450 489 
3 358 444 490 
3 411 412 360 
3 152 317 339 
3 55 153 154 
3 155 320 341 
3 61 156 157 
3 491 126 64 
3 158 68 67 
3 492 132 70 
3 159 74 73 
3 380 422 493 
3 385 384 431 
3 376 375 432 
3 377 428 494 
3 471 400 472 
3 441 401 474 
3 436 321 477 
3 479 324 480 
3 487 400 439 
3 495 441 473 
3 496 436 476 
3 485 324 437 
3 354 223 399 
3 497 388 225 
3 498 390 228 
3 352 232 398 
3 335 265 33 
3 145 36 35 
3 337 260 39 
3 148 42 41 
3 364 419 404 
3 405 365 410 
3 327 328 329 
3 361 417 331 
3 343 284 114 
3 344 345 441 
3 346 347 436 
3 348 292 123 
3 415 357 310 
3 361 417 331 
3 364 419 404 
3 420 366 313 
3 491 300 126 
3 129 130 131 
3 492 301 132 
3 135 136 137 
3 457 458 459 
3 460 499 461 
3 462 500 463 
3 464 465 466 
3 501 443 357 
3 411 502 412 
3 408 503 409 
3 504 449 366 
3 505 506 457 
3 499 485 486 
3 500 487 488 
3 507 508 464 
3 390 229 228 
3 398 427 467 
3 399 421 468 
3 388 226 225 
3 308 310 327 
3 330 331 332 
3 403 404 369 
3 311 313 405 
3 509 472 510 
3 507 508 464 
3 505 506 457 
3 511 480 512 
3 513 272 121 
3 125 273 274 
3 476 478 505 
3 485 437 486 
3 487 439 488 
3 473 475 507 
3 327 310 328 
3 359 361 331 
3 362 364 404 
3 405 313 365 
3 347 321 436 
3 348 123 514 
3 343 114 515 
3 345 401 441 
3 176 164 166 
3 167 168 169 
3 181 170 172 
3 173 174 175 
3 439 400 343 
3 495 441 473 
3 496 436 476 
3 437 324 348 
3 436 477 476 
3 437 348 438 
3 439 343 440 
3 441 474 473 
3 491 126 64 
3 129 130 131 
3 492 132 70 
3 135 136 137 
3 186 64 66 
3 251 239 158 
3 187 70 72 
3 253 241 159 
3 444 481 462 
3 516 466 482 
3 517 459 483 
3 450 484 460 
3 265 248 33 
3 267 268 269 
3 260 249 39 
3 262 263 264 
3 476 478 505 
3 499 485 486 
3 500 487 488 
3 473 475 507 
3 150 52 165 
3 169 206 53 
3 151 58 171 
3 175 207 59 
3 462 510 500 
3 516 507 464 
3 517 505 457 
3 460 512 499 
3 399 387 421 
3 497 388 225 
3 498 390 228 
3 398 393 427 
3 501 443 357 
3 360 412 416 
3 363 409 418 
3 504 449 366 
3 122 289 347 
3 123 125 518 
3 114 116 519 
3 119 286 345 
3 520 176 219 
3 178 179 180 
3 521 181 221 
3 183 184 185 
3 500 472 487 
3 516 507 464 
3 517 505 457 
3 499 480 485 
3 358 443 444 
3 359 411 360 
3 362 408 363 
3 367 449 450 
3 343 114 515 
3 344 119 345 
3 429 165 164 
3 167 168 169 
3 430 171 170 
3 173 174 175 
3 208 139 77 
3 88 81 140 
3 210 142 83 
3 89 87 143 
3 176 166 177 
3 167 168 169 
3 181 172 182 
3 173 174 175 
3 500 472 487 
3 495 473 507 
3 496 476 505 
3 499 480 485 
3 64 126 65 
3 129 130 131 
3 70 132 71 
3 135 136 137 
3 275 254 224 
3 255 256 257 
3 279 271 302 
3 273 303 233 
3 452 522 448 
3 450 460 461 
3 444 462 463 
3 451 523 446 
3 76 77 78 
3 88 81 140 
3 82 83 84 
3 89 87 143 
3 150 165 429 
3 169 206 53 
3 151 171 430 
3 175 207 59 
3 275 254 224 
3 227 226 372 
3 230 229 373 
3 273 303 233 
3 408 409 363 
3 504 449 366 
3 501 443 357 
3 411 412 360 
3 509 510 481 
3 466 524 482 
3 459 525 483 
3 511 512 484 
3 192 77 76 
3 88 140 209 
3 193 83 82 
3 89 143 211 
3 526 152 50 
3 53 54 55 
3 527 155 56 
3 59 60 61 
3 505 506 457 
3 460 499 461 
3 462 500 463 
3 507 508 464 
3 386 387 223 
3 456 423 389 
3 454 425 391 
3 392 393 232 
3 50 51 52 
3 169 206 53 
3 56 57 58 
3 175 207 59 
3 218 177 325 
3 244 188 178 
3 220 182 326 
3 245 189 183 
3 272 271 279 
3 231 233 303 
3 222 224 254 
3 278 256 255 
3 300 127 126 
3 131 86 213 
3 301 133 132 
3 137 80 215 
3 501 481 443 
3 451 523 446 
3 452 522 448 
3 504 484 449 
3 208 77 192 
3 88 81 140 
3 210 83 193 
3 89 87 143 
3 528 236 529 
3 209 246 298 
3 530 237 531 
3 211 247 299 
3 501 481 443 
3 451 532 523 
3 452 533 522 
3 504 484 449 
3 218 325 309 
3 244 188 178 
3 220 326 312 
3 245 189 183 
3 116 254 275 
3 534 277 278 
3 435 270 272 
3 125 303 273 
3 396 214 304 
3 137 305 80 
3 397 212 306 
3 131 307 86 
3 300 128 127 
3 131 307 86 
3 301 134 133 
3 137 305 80 
3 406 520 219 
3 178 179 180 
3 407 521 221 
3 183 184 185 
3 526 50 150 
3 53 54 55 
3 527 56 151 
3 59 60 61 
3 487 400 439 
3 495 473 507 
3 496 476 505 
3 485 324 437 
3 509 472 510 
3 507 475 508 
3 505 478 506 
3 511 480 512 
3 76 77 78 
3 88 140 209 
3 82 83 84 
3 89 143 211 
3 509 472 510 
3 464 508 465 
3 457 506 458 
3 511 480 512 
3 390 391 229 
3 231 232 233 
3 222 223 224 
3 388 389 226 
3 390 229 228 
3 352 398 353 
3 354 399 355 
3 388 226 225 
3 448 522 503 
3 504 484 449 
3 501 481 443 
3 446 523 502 
3 229 391 426 
3 352 233 232 
3 354 224 223 
3 226 389 424 
3 394 192 76 
3 79 81 88 
3 395 193 82 
3 85 87 89 
3 399 223 387 
3 389 423 424 
3 391 425 426 
3 398 232 393 
3 462 510 500 
3 516 464 466 
3 517 457 459 
3 460 512 499 
3 275 354 355 
3 225 227 356 
3 228 230 351 
3 273 352 353 
3 275 354 355 
3 277 256 278 
3 270 271 272 
3 273 352 353 
3 421 422 380 
3 535 455 456 
3 536 453 454 
3 427 428 377 
3 421 380 382 
3 456 389 388 
3 454 391 390 
3 427 377 379 
3 228 229 230 
3 231 233 303 
3 222 224 254 
3 225 226 227 
3 122 289 347 
3 348 123 514 
3 343 114 515 
3 119 286 345 
3 537 177 166 
3 167 168 169 
3 538 182 172 
3 173 174 175 
3 114 115 116 
3 539 278 118 
3 513 272 121 
3 123 124 125 
3 126 127 128 
3 131 307 86 
3 132 133 134 
3 137 305 80 
3 335 32 540 
3 336 146 145 
3 337 38 541 
3 338 149 148 
3 453 425 454 
3 377 378 379 
3 380 381 382 
3 455 423 456 
3 491 64 186 
3 158 68 67 
3 492 70 187 
3 159 74 73 
3 399 387 421 
3 535 456 388 
3 536 454 390 
3 398 393 427 
3 509 510 481 
3 466 465 524 
3 459 458 525 
3 511 512 484 
3 349 166 52 
3 169 168 206 
3 350 172 58 
3 175 174 207 
3 195 102 104 
3 280 199 281 
3 201 108 110 
3 282 205 283 
3 453 376 425 
3 377 378 379 
3 380 381 382 
3 455 385 423 
3 444 481 462 
3 445 451 446 
3 447 452 448 
3 450 484 460 
3 509 510 481 
3 482 524 532 
3 483 525 533 
3 511 512 484 
3 542 164 176 
3 167 168 169 
3 543 170 181 
3 173 174 175 
3 421 422 380 
3 535 456 388 
3 536 454 390 
3 427 428 377 
3 165 52 166 
3 167 168 169 
3 171 58 172 
3 173 174 175 
3 390 391 229 
3 398 427 467 
3 399 421 468 
3 388 389 226 
3 529 236 208 
3 209 246 298 
3 531 237 210 
3 211 247 299 
3 354 223 399 
3 497 225 356 
3 498 228 351 
3 352 232 398 
3 275 354 355 
3 497 225 356 
3 195 102 104 
3 197 199 280 
3 201 108 110 
3 203 205 282 
3 150 50 52 
3 169 206 53 
3 151 56 58 
3 175 207 59 
3 290 279 296 
3 314 124 293 
3 498 390 228 
3 398 232 393 
3 399 223 387 
3 497 388 225 
3 452 522 448 
3 367 450 489 
3 358 444 490 
3 451 523 446 
3 454 425 391 
3 427 377 379 
3 421 380 382 
3 456 423 389 
3 346 122 347 
3 123 124 125 
3 114 115 116 
3 344 119 345 
3 228 229 230 
3 352 398 353 
3 354 399 355 
3 225 226 227 
3 275 224 354 
3 534 277 278 
3 435 270 272 
3 273 233 352 
3 429 164 542 
3 167 168 169 
3 430 170 543 
3 173 174 175 
3 421 387 422 
3 535 456 388 
3 536 454 390 
3 427 393 428 
3 349 537 166 
3 169 168 206 
3 350 538 172 
3 175 174 207 
3 272 271 279 
3 125 273 274 
3 116 275 276 
3 278 256 255 
3 368 115 285 
3 118 255 287 
3 121 279 290 
3 314 124 293 
3 270 230 271 
3 273 352 353 
3 275 354 355 
3 277 227 256 
3 537 177 166 
3 169 168 206 
3 538 182 172 
3 175 174 207 
3 444 481 462 
3 516 464 466 
3 517 457 459 
3 450 484 460 
3 116 254 275 
3 539 278 118 
3 513 272 121 
3 125 303 273 
3 275 224 354 
3 497 225 356 
3 498 228 351 
3 273 233 352 
3 290 279 296 
3 123 124 125 
3 114 115 116 
3 287 255 297 
3 380 422 493 
3 535 455 456 
3 536 453 454 
3 377 428 494 
3 435 270 272 
3 273 303 233 
3 275 254 224 
3 534 277 278 
3 544 422 387 
3 383 384 385 
3 374 375 376 
3 545 428 393 
3 354 224 223 
3 497 225 356 
3 498 228 351 
3 352 233 232 
3 380 493 381 
3 535 455 456 
3 536 453 454 
3 377 494 378 
3 114 285 115 
3 286 287 288 
3 289 290 291 
3 123 293 124 
3 347 289 321 
3 314 293 292 
3 368 285 284 
3 345 286 401 
3 471 400 472 
3 473 475 507 
3 476 478 505 
3 479 324 480 
3 116 115 254 
3 539 278 118 
3 513 272 121 
3 125 124 303 
3 368 115 285 
3 119 287 286 
3 122 290 289 
3 314 124 293 
3 471 400 472 
3 507 475 508 
3 505 478 506 
3 479 324 480 
3 368 285 284 
3 119 286 345 
3 122 289 347 
3 314 293 292 
3 442 284 400 
3 441 401 474 
3 436 321 477 
3 323 292 324 
3 487 472 400 
3 474 401 402 
3 477 321 322 
3 485 480 324 
3 114 284 285 
3 401 286 402 
3 321 289 322 
3 123 292 293 
3 454 425 391 
3 545 428 393 
3 544 422 387 
3 456 423 389 
3 343 400 284 
3 474 401 402 
3 477 321 322 
3 348 324 292 
3 343 284 114 
3 401 286 402 
3 321 289 322 
3 348 292 123 
3 509 472 510 
3 466 465 524 
3 459 458 525 
3 511 480 512 
3 509 472 510 
3 464 465 466 
3 457 458 459 
3 511 480 512 
3 500 510 472 
3 508 475 546 
3 506 478 547 
3 499 512 480 
3 368 115 285 
3 118 287 119 
3 121 290 122 
3 314 124 293 
3 442 284 400 
3 345 401 441 
3 347 321 436 
3 323 292 324 
3 439 400 343 
3 474 401 402 
3 477 321 322 
3 437 324 348 
3 462 481 510 
3 524 465 548 
3 525 458 549 
3 460 484 512 
3 452 533 522 
3 511 512 484 
3 509 510 481 
3 451 532 523 
3 487 400 439 
3 474 401 402 
3 477 321 322 
3 485 324 437 
3 444 443 481 
3 523 532 550 
3 522 533 551 
3 450 449 484 
3 506 478 547 
3 499 480 485 
3 500 472 487 
3 508 475 546 
3 509 510 481 
3 482 532 451 
3 483 533 452 
3 511 512 484 
3 501 481 443 
3 411 502 412 
3 408 503 409 
3 504 484 449 
3 506 478 547 
3 485 480 324 
3 487 472 400 
3 508 475 546 
3 501 481 443 
3 446 502 411 
3 448 503 408 
3 504 484 449 
3 409 503 551 
3 367 366 449 
3 358 357 443 
3 412 502 550 
3 462 510 500 
3 524 465 548 
3 525 458 549 
3 460 512 499 
3 552 493 422 
3 383 384 385 
3 374 375 376 
3 553 494 428 
3 501 443 357 
3 361 416 417 
3 364 418 419 
3 504 449 366 
3 501 443 357 
3 417 416 554 
3 419 418 555 
3 365 313 366 
3 328 310 357 
3 417 416 554 
3 421 387 422 
3 385 384 431 
3 376 375 432 
3 427 393 428 
3 501 443 357 
3 360 416 361 
3 363 418 364 
3 504 449 366 
3 500 510 472 
3 524 465 548 
3 525 458 549 
3 499 512 480 
3 444 481 462 
3 523 532 550 
3 522 533 551 
3 450 484 460 
3 409 503 551 
3 367 449 450 
3 358 443 444 
3 412 502 550 
3 328 357 358 
3 417 416 554 
3 419 418 555 
3 365 366 367 
3 462 481 510 
3 523 532 550 
3 522 533 551 
3 460 484 512 
3 444 443 481 
3 412 502 550 
3 409 503 551 
3 450 449 484 
3 419 418 555 
3 367 366 449 
3 358 357 443 
3 417 416 554 

CELL_DATA 1390
SCALARS mesh_quality/area float
LOOKUP_TABLE default
5.3864 4.7238 5.3864 4.7238 4.8012 4.92476 4.8012 4.92476 4.88468 
5.1661 4.88468 5.1661 0.450812 0.306355 0.450812 0.306355 4.83128 4.46007 
4.83128 4.46007 4.56037 0.702696 4.56037 0.702696 5.3864 5.63855 5.3864 
5.63855 3.41898 0.691855 3.41898 0.691855 2.60296 0.634477 2.60296 0.634477 
2.60296 0.553175 2.60296 0.553175 5.08297 5.30982 5.08297 5.30982 4.51631 
4.38097 4.51631 4.38097 5.80076 5.20537 5.80076 5.20537 2.30282 0.590524 
2.30282 0.590524 1.00728 5.08457 5.08457 1.00728 4.61837 5.1661 4.61837 
5.1661 4.61837 4.31064 4.61837 4.31064 4.88468 4.31064 4.88468 4.31064 
4.8012 4.38097 4.8012 4.38097 4.51631 4.92476 4.51631 4.92476 3.77523 
0.50472 3.77523 0.50472 5.08297 4.46007 5.08297 4.46007 2.84476 0.785367 
2.84476 0.785367 0.389394 0.381366 0.389394 0.381366 0.455047 0.702696 0.455047 
0.702696 6.13077 0.75469 6.13077 0.75469 4.83128 5.30982 4.83128 5.30982 
0.450812 0.120725 0.450812 0.120725 3.41898 0.660531 3.41898 0.660531 3.77523 
0.546471 3.77523 0.546471 2.94279 5.20537 2.94279 5.20537 0.780585 0.609067 
0.780585 0.609067 1.55323 0.0971111 1.55323 0.0971111 0.511031 0.660531 0.511031 
0.660531 1.55323 0.43672 1.55323 0.43672 4.56037 0.711402 4.56037 0.711402 
2.94279 0.844688 2.94279 0.844688 0.364006 0.553175 0.364006 0.553175 5.01587 
0.703346 5.01587 0.703346 0.780585 0.655341 0.780585 0.655341 0.302298 0.696532 
0.302298 0.696532 4.82748 0.558599 4.82748 0.558599 2.30282 0.58716 2.30282 
0.58716 6.13077 0.711402 6.13077 0.711402 0.650476 0.43672 0.650476 0.43672 
6.73748 0.767529 0.767529 6.73748 5.01587 0.699059 5.01587 0.699059 0.330103 
0.696532 0.330103 0.696532 9.62972 0.677122 9.62972 0.677122 5.80076 0.844688 
5.80076 0.844688 4.82748 0.634477 4.82748 0.634477 2.992 0.785367 2.992 
0.785367 5.19646 5.63855 5.19646 5.63855 2.45512 0.691855 2.45512 0.691855 
0.650476 0.154504 0.650476 0.154504 2.992 0.700091 2.992 0.700091 0.598959 
0.306355 0.598959 0.306355 10.1201 0.627477 10.1201 0.627477 6.24965 4.18112 
4.82748 0.553175 4.82748 0.553175 0.178436 0.0971111 0.178436 0.0971111 0.423189 
0.331287 0.423189 0.331287 0.553757 6.3107 6.3107 0.553757 0.545115 6.3107 
6.3107 0.545115 0.598959 0.331287 0.598959 0.331287 5.01587 0.663024 5.01587 
0.663024 0.568131 4.17417 4.17417 0.568131 4.60025 0.700091 4.60025 0.700091 
6.37746 0.6268 0.6268 6.37746 0.650476 0.0971111 0.650476 0.0971111 1.88516 
0.700091 1.88516 0.700091 0.37189 0.50472 0.37189 0.50472 0.738892 3.9472 
3.9472 0.738892 0.450812 0.381366 0.450812 0.381366 5.01587 0.66582 5.01587 
0.66582 9.1546 0.684609 9.1546 0.684609 2.992 0.696532 2.992 0.696532 
0.717865 0.331287 0.717865 0.331287 4.17417 4.76487 0.659169 0.627477 0.659169 
0.627477 10.1201 0.677122 10.1201 0.677122 3.15119 0.331287 3.15119 0.331287 
5.19646 4.7238 5.19646 4.7238 2.95454 3.36314 4.37439 0.331287 4.37439 
0.331287 4.82748 0.101586 4.82748 0.101586 1.988 1.95797 4.66343 0.699059 
4.66343 0.699059 0.169931 0.36075 0.169931 0.36075 7.29946 0.763078 7.29946 
0.763078 0.705056 3.19212 3.19212 0.705056 4.66343 0.703346 4.66343 0.703346 
7.49336 0.655341 7.49336 0.655341 0.444202 5.50669 5.50669 0.444202 0.450812 
0.36075 0.450812 0.36075 0.664804 1.27095 1.27095 0.664804 4.82748 0.684609 
4.82748 0.684609 6.13077 0.702696 6.13077 0.702696 5.32564 0.590524 5.32564 
0.590524 7.98401 0.75469 7.98401 0.75469 0.48297 0.627477 0.48297 0.627477 
0.573694 4.76487 4.76487 0.573694 0.330103 0.639584 0.330103 0.639584 5.73542 
0.440443 0.440443 5.73542 0.276496 0.627477 0.276496 0.627477 7.85182 0.785367 
7.85182 0.785367 0.814974 5.93331 5.93331 0.814974 3.41898 0.627477 3.41898 
0.627477 0.302882 6.3818 6.3818 0.302882 5.32564 0.58716 5.32564 0.58716 
8.85827 0.546471 8.85827 0.546471 0.570416 0.0971111 0.570416 0.0971111 4.54085 
0.485254 0.485254 4.54085 0.63859 0.558599 0.63859 0.558599 3.41898 0.677122 
3.41898 0.677122 0.806011 0.684609 0.806011 0.684609 0.805969 0.684609 0.805969 
0.684609 0.433036 4.0884 4.0884 0.433036 0.422004 2.95454 2.95454 0.422004 
0.364006 0.785367 0.364006 0.785367 0.46434 0.627477 0.46434 0.627477 1.95797 
0.358739 0.358739 1.95797 0.347006 0.331287 0.347006 0.331287 0.664804 1.43554 
1.43554 0.664804 0.178123 0.0971111 0.178123 0.0971111 4.56037 0.66325 4.56037 
0.66325 0.221879 3.08666 3.08666 0.221879 3.77523 0.684609 3.77523 0.684609 
5.34995 0.627477 5.34995 0.627477 0.312186 1.988 1.988 0.312186 2.992 
0.639584 2.992 0.639584 0.347006 0.154504 0.347006 0.154504 5.23446 0.663024 
5.23446 0.663024 3.3712 0.219291 0.219291 3.3712 0.723467 2.68539 2.68539 
0.723467 7.98401 0.763078 7.98401 0.763078 0.65551 0.655341 0.65551 0.655341 
3.77523 0.558599 3.77523 0.558599 0.723467 2.41571 2.41571 0.723467 4.54085 
3.96094 3.96094 4.54085 0.564367 6.02158 6.02158 0.564367 2.45512 0.660531 
2.45512 0.660531 3.97343 6.3107 0.472132 3.14071 3.14071 0.472132 0.426376 
3.36314 3.36314 0.426376 5.73542 0.331287 5.73542 0.331287 0.127275 0.627477 
0.127275 0.627477 0.169931 0.120725 0.169931 0.120725 8.34878 0.66325 8.34878 
0.66325 0.655562 1.27199 1.27199 0.655562 0.664804 1.21731 1.21731 0.664804 
2.45512 0.546471 2.45512 0.546471 7.49336 0.609067 7.49336 0.609067 0.347941 
0.331287 0.347941 0.331287 0.63859 0.553175 0.63859 0.553175 0.655562 1.28339 
1.28339 0.655562 0.647949 0.558599 0.647949 0.558599 0.598959 0.120725 0.598959 
0.120725 0.289463 2.92116 2.92116 0.289463 0.541487 2.52292 2.52292 0.541487 
4.18112 0.728158 0.728158 4.18112 4.18112 6.02158 0.178436 0.154504 0.178436 
0.154504 7.49336 0.66325 7.49336 0.66325 0.439127 4.41507 4.41507 0.439127 
0.728158 6.37746 6.37746 0.728158 0.338678 4.04702 4.04702 0.338678 0.806011 
0.558599 0.806011 0.558599 0.805969 0.558599 0.805969 0.558599 0.252596 3.08666 
3.08666 0.252596 0.311324 6.3818 6.3818 0.311324 0.0908812 0.655341 0.0908812 
0.655341 0.346456 0.120725 0.346456 0.120725 0.503396 3.96094 3.96094 0.503396 
0.312186 3.15861 3.15861 0.312186 5.7997 0.381375 0.381375 5.7997 5.7997 
0.441601 0.441601 5.7997 0.924022 1.48309 1.48309 0.924022 0.441601 2.802 
2.802 0.441601 0.221879 2.98395 2.98395 0.221879 7.29946 0.75469 7.29946 
0.75469 0.367397 0.660531 0.367397 0.660531 0.475638 2.615 2.615 0.475638 
5.7997 0.382078 0.382078 5.7997 0.294668 2.17927 2.17927 0.294668 0.482889 
4.08815 4.08815 0.482889 0.345097 0.120725 0.345097 0.120725 0.252596 1.988 
1.988 0.252596 0.705056 2.52292 2.52292 0.705056 3.3712 0.252596 0.252596 
3.3712 0.377931 0.50472 0.377931 0.50472 0.439127 2.83953 2.83953 0.439127 
2.80304 0.20699 0.20699 2.80304 0.462042 3.01734 3.01734 0.462042 0.503152 
4.04702 4.04702 0.503152 0.278759 1.95797 1.95797 0.278759 5.785 0.462042 
0.462042 5.785 3.61184 6.3107 0.451371 2.802 2.802 0.451371 0.358739 
1.43554 1.43554 0.358739 0.472132 4.22976 4.22976 0.472132 0.665759 0.609067 
0.665759 0.609067 0.541487 2.17927 2.17927 0.541487 0.441601 3.14071 3.14071 
0.441601 0.367397 0.50472 0.367397 0.50472 0.511031 0.627477 0.511031 0.627477 
0.924022 1.92791 1.92791 0.924022 0.346456 0.331287 0.346456 0.331287 0.451371 
3.01734 3.01734 0.451371 0.0755936 0.655341 0.0755936 0.655341 0.518913 2.21719 
2.21719 0.518913 0.441678 4.08815 4.08815 0.441678 2.80304 0.208854 0.208854 
2.80304 0.613071 6.83715 6.83715 0.613071 0.177825 0.0971111 0.177825 0.0971111 
0.504482 2.21719 2.21719 0.504482 0.655562 1.21731 1.21731 0.655562 4.22976 
3.19212 0.65551 0.609067 0.65551 0.609067 0.302298 0.785367 0.302298 0.785367 
1.55323 0.609067 1.55323 0.609067 0.504482 2.27201 2.27201 0.504482 2.45512 
0.50472 2.45512 0.50472 0.738892 4.18112 4.18112 0.738892 0.245555 4.41507 
4.41507 0.245555 2.60296 0.785367 2.60296 0.785367 0.506573 0.655341 0.506573 
0.655341 0.738892 5.93331 5.93331 0.738892 0.221879 2.80304 2.80304 0.221879 
4.44029 0.36799 0.36799 4.44029 0.364006 0.696532 0.364006 0.696532 0.610399 
0.702696 0.610399 0.702696 0.462042 2.83953 2.83953 0.462042 4.54085 0.324278 
0.324278 4.54085 4.56037 0.655341 4.56037 0.655341 3.24302 0.154504 3.24302 
0.154504 0.564367 6.24965 6.24965 0.564367 0.37189 0.558599 0.37189 0.558599 
3.24849 0.245555 0.245555 3.24849 0.391506 0.785367 0.391506 0.785367 0.312973 
0.639584 0.312973 0.639584 3.24849 0.248515 0.248515 3.24849 4.37439 0.154504 
4.37439 0.154504 0.80996 3.97343 3.97343 0.80996 0.805969 0.101586 0.805969 
0.101586 0.806011 0.101586 0.806011 0.101586 0.177684 0.0971111 0.177684 0.0971111 
0.598106 0.702696 0.598106 0.702696 0.294668 2.27201 2.27201 0.294668 5.785 
0.393471 0.393471 5.785 2.60296 0.696532 2.60296 0.696532 5.785 0.391028 
0.391028 5.785 0.485254 6.73748 6.73748 0.485254 0.503152 4.0884 4.0884 
0.503152 0.21516 3.24849 3.24849 0.21516 3.96094 0.814974 0.814974 3.96094 
0.265053 0.553175 0.265053 0.553175 0.503396 2.68539 2.68539 0.503396 0.518913 
2.1329 2.1329 0.518913 5.50669 0.433036 0.433036 5.50669 5.50669 0.553757 
0.553757 5.50669 0.40829 2.39021 2.39021 0.40829 2.92116 0.338678 0.338678 
2.92116 0.767529 6.24965 6.24965 0.767529 0.613071 4.22976 4.22976 0.613071 
6.77151 0.609067 6.77151 0.609067 1.00728 3.61184 3.61184 1.00728 3.77523 
0.101586 3.77523 0.101586 0.168839 0.36075 0.168839 0.36075 0.289463 6.3818 
6.3818 0.289463 0.372533 0.660531 0.372533 0.660531 0.441678 2.82314 2.82314 
0.441678 4.44029 0.35106 0.35106 4.44029 7.49336 0.614408 7.49336 0.614408 
5.32564 0.663024 5.32564 0.663024 0.281601 6.3818 6.3818 0.281601 0.924022 
1.28339 1.28339 0.924022 4.44029 0.294216 0.294216 4.44029 0.567869 0.609067 
0.567869 0.609067 0.40829 2.82314 2.82314 0.40829 0.0908812 0.609067 0.0908812 
0.609067 0.485254 4.04702 4.04702 0.485254 0.324932 0.639584 0.324932 0.639584 
0.482889 2.81877 2.81877 0.482889 5.50669 2.81877 5.32564 0.66582 5.32564 
0.66582 0.455047 0.655341 0.455047 0.655341 6.37746 4.49893 4.08815 0.503396 
0.503396 4.08815 0.245555 2.98395 2.98395 0.245555 0.324278 2.92116 2.92116 
0.324278 3.19212 1.00728 1.00728 3.19212 0.767529 4.0884 4.0884 0.767529 
0.651023 3.97343 3.97343 0.651023 0.639657 0.609067 0.639657 0.609067 0.723467 
2.82314 2.82314 0.723467 7.57607 0.614408 7.57607 0.614408 0.564367 6.3107 
6.3107 0.564367 4.49893 0.863142 0.863142 4.49893 0.526046 5.50669 5.50669 
0.526046 6.77151 0.614408 6.77151 0.614408 0.924022 2.1329 2.1329 0.924022 
0.80996 3.61184 3.61184 0.80996 0.651023 2.81877 2.81877 0.651023 6.37746 
1.00728 1.00728 6.37746 0.475638 2.39021 2.39021 0.475638 3.97343 0.738892 
0.738892 3.97343 5.95095 0.302882 0.302882 5.95095 0.814974 2.81877 2.81877 
0.814974 0.758625 2.39021 2.39021 0.758625 0.6268 4.17417 4.17417 0.6268 
0.426376 4.76487 4.76487 0.426376 5.7997 0.451371 0.451371 5.7997 0.728158 
3.61184 3.61184 0.728158 4.49893 0.573694 0.573694 4.49893 5.7997 0.393471 
0.393471 5.7997 4.76487 0.613071 0.613071 4.76487 3.36314 0.382078 0.382078 
3.36314 0.773009 2.59428 2.59428 0.773009 0.568131 2.95454 2.95454 0.568131 
0.324278 5.95095 5.95095 0.324278 0.422004 2.59428 2.59428 0.422004 0.705056 
2.95454 2.95454 0.705056 5.785 0.35106 0.35106 5.785 5.785 0.439127 
0.439127 5.785 0.610225 2.59195 2.59195 0.610225 4.49893 0.900311 0.900311 
4.49893 3.36314 0.472132 0.472132 3.36314 0.541487 2.59428 2.59428 0.541487 
0.587428 2.29625 2.29625 0.587428 0.248515 4.44029 4.44029 0.248515 0.294668 
2.59428 2.59428 0.294668 0.3858 1.69077 1.69077 0.3858 2.59195 0.504482 
0.504482 2.59195 4.44029 0.298256 0.298256 4.44029 3.24849 0.20699 0.20699 
3.24849 2.59195 0.773009 0.773009 2.59195 3.24849 0.222956 0.222956 3.24849 
1.39646 0.338111 0.338111 1.39646 0.518913 2.29625 2.29625 0.518913 4.47508 
0.302882 0.302882 4.47508 2.80304 0.219291 0.219291 2.80304 2.80304 1.55397 
1.55397 0.389585 0.389585 1.55397 0.723467 2.615 2.615 0.723467 2.80304 
0.228933 0.228933 2.80304 0.610225 2.29625 2.29625 0.610225 0.924022 1.69077 
1.69077 0.924022 1.39646 0.655562 0.655562 1.39646 0.664804 1.55397 1.55397 
0.664804 0.587428 1.69077 1.69077 0.587428 0.3858 1.39646 1.39646 0.3858 
1.55397 0.338111 0.338111 1.55397 
